2 0.178513 0.317206 0.244673 0.226078
2 0.482966 0.663848 0.173154 0.182337
2 0.0872141 0.710041 0.174428 0.209134
2 0.0564951 0.0481291 0.11299 0.0962582
2 0.566609 0.754926 0.254036 0.306029
2 0.336593 0.46125 0.114232 0.16152
2 0.70643 0.909175 0.255245 0.180572
2 0.125654 0.146087 0.194902 0.195016
2 0.912663 0.933039 0.174673 0.133922
2 0.334771 0.139493 0.24317 0.226993
2 0.254616 0.394788 0.0890359 0.0723856
2 0.0474265 0.30058 0.0948529 0.179461
2 0.54165 0.967688 0.0877124 0.0636111
2 0.294453 0.730261 0.266846 0.229967
2 0.192598 0.904975 0.207157 0.190049
2 0.275466 0.598325 0.150833 0.112304
2 0.209224 0.510147 0.185539 0.168987
2 0.0605147 0.884444 0.121029 0.231111
2 0.409404 0.335466 0.216324 0.218905
2 0.0784232 0.495547 0.156846 0.221127
2 0.163162 0.0256046 0.111095 0.0469608
2 0.302377 0.0424265 0.175735 0.0848529
2 0.0225245 0.187508 0.0414869 0.149755
2 0.423538 0.545678 0.206912 0.218611
2 0.302631 0.973268 0.0578758 0.0534641
2 0.411601 0.898783 0.238105 0.202435
