0 0.215367 0.24774 0.130766 0.0810208
0 0.294859 0.584792 0.152688 0.157167
0 0.739922 0.783469 0.16725 0.213563
0 0.471281 0.675687 0.168063 0.0880417
0 0.0976719 0.662313 0.167187 0.281833
0 0.942656 0.695458 0.0799062 0.283167
0 0.603625 0.409688 0.183438 0.0683333
5 0.634391 0.0844063 0.045375 0.0205208
5 0.598344 0.0770937 0.0415937 0.0299792
5 0.603586 0.256802 0.0668906 0.0822708
5 0.642445 0.0585938 0.0351094 0.0367708
5 0.572125 0.11475 0.0391875 0.0370417
5 0.614695 0.105896 0.0453906 0.0271667
5 0.54518 0.0757604 0.0328906 0.0407708
5 0.650203 0.103406 0.0363438 0.0302708
5 0.576227 0.09375 0.0395156 0.0316667
4 0.870797 0.829156 0.120938 0.154604
4 0.664719 0.799812 0.106719 0.139208
4 0.0212188 0.614323 0.0424375 0.0956875
4 0.602844 0.254625 0.0670313 0.0834583
4 0.112883 0.351052 0.0732031 0.0798958
4 0.648133 0.456031 0.0723594 0.0889792
