0 0.113352 0.677019 0.178141 0.0840795
0 0.254086 0.795523 0.0440781 0.205063
0 0.194969 0.77249 0.0708438 0.245649
0 0.105258 0.7225 0.101953 0.0816527
0 0.0802812 0.849184 0.147969 0.136234
0 0.0981953 0.782008 0.0142344 0.00891213
0 0.0931797 0.793107 0.121859 0.185795
0 0.109703 0.79137 0.0594688 0.114749
0 0.177219 0.825356 0.0565625 0.2659
0 0.172516 0.761579 0.104688 0.258515
0 0.307242 0.853107 0.0213594 0.142741
0 0.191742 0.79931 0.0266406 0.0945607
0 0.0814141 0.826067 0.0843594 0.0873222
0 0.230867 0.812657 0.0482031 0.1141
3 0.895133 0.661862 0.0999531 0.130418
3 0.85068 0.735167 0.0976719 0.0951464
3 0.797453 0.585554 0.0772188 0.0657113
3 0.869305 0.598096 0.0446094 0.0284937
3 0.750312 0.736579 0.0784688 0.11295
3 0.838531 0.646015 0.0458438 0.083954
3 0.788375 0.659655 0.0894687 0.107092
3 0.954578 0.830973 0.080125 0.123745
3 0.815164 0.756967 0.0858594 0.0813808
3 0.863516 0.8534 0.0706875 0.070523
3 0.766094 0.837803 0.059125 0.0645188
