0 0.715383 0.411479 0.0687031 0.081784
0 0.244766 0.442265 0.299812 0.217535
0 0.322562 0.443791 0.351219 0.189742
0 0.968469 0.203146 0.0617188 0.0846009
0 0.962203 0.256174 0.0755938 0.0757277
0 0.991062 0.152418 0.0170937 0.0448826
0 0.176891 0.574155 0.178563 0.0591549
0 0.446422 0.710141 0.391906 0.212817
0 0.292273 0.494308 0.258828 0.171197
0 0.572078 0.381491 0.0493125 0.0503521
0 0.306398 0.572559 0.322703 0.350751
0 0.887109 0.269225 0.223719 0.188028
0 0.377688 0.587089 0.301125 0.132629
0 0.241305 0.435939 0.254234 0.244789
0 0.953102 0.46108 0.0567656 0.0784507
0 0.131625 0.639824 0.160062 0.0634507
0 0.912125 0.42588 0.0537813 0.0485211
0 0.207523 0.712289 0.0301719 0.0720423
0 0.40782 0.627218 0.293422 0.314859
0 0.871414 0.333967 0.255453 0.165587
0 0.604828 0.407183 0.0260937 0.0261502
0 0.203602 0.485223 0.198891 0.129178
0 0.10618 0.425317 0.0931719 0.197535
0 0.403477 0.55885 0.298859 0.2377
0 0.638672 0.438122 0.0449062 0.0364319
0 0.366664 0.686068 0.376047 0.238615
0 0.183703 0.557876 0.0779062 0.0453756
0 0.394406 0.634354 0.34875 0.204718
0 0.655547 0.423509 0.0490625 0.0430282
0 0.3715 0.607242 0.3445 0.195
