1 0.328117 0.436914 0.394172 0.231109
0 0.389352 0.577448 0.115203 0.0910879
0 0.365586 0.528264 0.189797 0.107657
0 0.373203 0.533222 0.177687 0.0803766
0 0.373367 0.54478 0.0782031 0.0517782
0 0.437258 0.543065 0.102016 0.07659
0 0.359102 0.588065 0.256828 0.128808
5 0.303406 0.218776 0.035875 0.0494351
5 0.319133 0.299163 0.0415156 0.0516736
5 0.289078 0.278975 0.0374063 0.0432218
5 0.285734 0.306444 0.0369688 0.0296234
5 0.387719 0.304132 0.0386875 0.0398954
5 0.372805 0.268504 0.0367969 0.0411925
5 0.392469 0.258577 0.040875 0.0497071
5 0.398617 0.235241 0.0348594 0.0357113
5 0.364711 0.230743 0.0329531 0.0444142
5 0.496305 0.104958 0.0572031 0.0851046
5 0.334422 0.258818 0.0388125 0.0527824
5 0.356445 0.290711 0.0341094 0.0349372
5 0.603672 0.0931799 0.0361875 0.0426778
5 0.337242 0.213724 0.0395469 0.0475732
5 0.298687 0.256569 0.0349687 0.0370293
5 0.553633 0.107824 0.0616094 0.0621339
5 0.34907 0.30887 0.0375781 0.0361088
