1 0.686164 0.402385 0.101859 0.114146
1 0.43568 0.476219 0.106734 0.117771
1 0.517117 0.45326 0.0479531 0.0515625
1 0.642734 0.514042 0.06025 0.07675
1 0.674773 0.493594 0.0715781 0.0988542
1 0.422141 0.544479 0.108594 0.155167
1 0.594758 0.398375 0.0382656 0.0633333
1 0.552336 0.535 0.0777656 0.105167
1 0.605813 0.528208 0.0460625 0.0764167
1 0.636891 0.443073 0.0967812 0.0721042
1 0.544242 0.437521 0.0915781 0.108167
0 0.855609 0.210583 0.0356563 0.135292
0 0.972734 0.173125 0.0505 0.0715833
0 0.886234 0.159583 0.0800937 0.08425
0 0.936875 0.203365 0.0854062 0.137896
0 0.892352 0.233479 0.0315469 0.0615417
0 0.977367 0.242198 0.0247969 0.0309375
0 0.901047 0.197917 0.0692813 0.129042
0 0.98275 0.217052 0.0336875 0.0592292
0 0.919891 0.162948 0.0376875 0.0602708
0 0.905992 0.263979 0.0396094 0.0669167
0 0.962961 0.25825 0.0344219 0.04
0 0.885375 0.206458 0.0635938 0.1415
0 0.941883 0.265167 0.0206406 0.04525
0 0.889344 0.234969 0.0719063 0.152312
0 0.940453 0.257656 0.0437188 0.0566458
0 0.987461 0.216479 0.0236094 0.0350417
0 0.988789 0.179615 0.0221094 0.0397292
0 0.969664 0.203885 0.0606719 0.100729
0 0.994945 0.256094 0.00942187 0.0123125
0 0.912719 0.247833 0.0164687 0.0349583
0 0.968961 0.144938 0.0617969 0.05675
0 0.903516 0.214635 0.0525937 0.113229
0 0.872687 0.244021 0.026625 0.0847917
0 0.831781 0.178562 0.0266875 0.0741667
0 0.935492 0.181406 0.0222344 0.0587708
0 0.968219 0.186208 0.0635625 0.0928333
0 0.953695 0.291344 0.0585781 0.0738125
0 0.880812 0.12476 0.0400625 0.0372708
