3 0.428897 0.221405 0.0487092 0.052549
3 0.779624 0.618464 0.111797 0.0891176
3 0.905621 0.484665 0.0676471 0.0806699
3 0.962949 0.652745 0.0741013 0.13232
3 0.732051 0.594649 0.119493 0.0776961
3 0.30107 0.28951 0.0812908 0.0602288
3 0.309935 0.247108 0.0582026 0.0782026
3 0.41049 0.192484 0.0585948 0.08
3 0.468864 0.289469 0.0656373 0.0259967
3 0.740792 0.461283 0.0747876 0.0728268
3 0.87924 0.633905 0.10884 0.0959477
3 0.239526 0.280956 0.0603268 0.0518464
3 0.795106 0.476193 0.0436438 0.0582026
3 0.462124 0.206373 0.0351307 0.0379412
3 0.246405 0.223031 0.0779739 0.0789379
3 0.510212 0.196364 0.0439216 0.0610621
3 0.899257 0.528971 0.0692647 0.0955556
3 0.679722 0.388848 0.0848693 0.0735784
3 0.47768 0.243194 0.0693791 0.0640686
3 0.909232 0.475874 0.104085 0.0564542
3 0.358194 0.195858 0.0521732 0.0899837
3 0.309673 0.184698 0.0720588 0.059232
3 0.749085 0.527075 0.105621 0.0815359
3 0.955637 0.59973 0.0770915 0.0645915
3 0.471969 0.308546 0.0788399 0.0472222
3 0.911275 0.692802 0.0884641 0.0343627
3 0.173464 0.225302 0.0682026 0.0458987
3 0.183023 0.271005 0.0666013 0.0687745
3 0.858301 0.51156 0.116895 0.0726307
3 0.368276 0.288178 0.0550163 0.0782843
3 0.422533 0.269918 0.0482026 0.0551307
3 0.908162 0.584502 0.0589706 0.0446242
3 0.833995 0.463431 0.0684804 0.0620915
3 0.851691 0.576029 0.0901797 0.0875817
3 0.200106 0.249485 0.0556373 0.0543627
3 0.5329 0.237206 0.0440359 0.059281
3 0.277149 0.19415 0.0355065 0.0566993
3 0.677083 0.454869 0.0911601 0.0873856
3 0.798791 0.422729 0.0989216 0.0697386
3 0.138399 0.243219 0.0366993 0.0380392
3 0.535392 0.274502 0.0643791 0.0679902
