0 0.544742 0.333906 0.131016 0.170313
0 0.532 0.422125 0.104156 0.286667
0 0.182727 0.477646 0.0843281 0.0372917
0 0.520367 0.29424 0.0267344 0.120771
0 0.442203 0.401708 0.09 0.475708
0 0.562617 0.31025 0.167297 0.122542
0 0.493633 0.353333 0.0169219 0.0482083
0 0.590797 0.3165 0.0532813 0.0315833
0 0.812531 0.699885 0.0222812 0.0458958
0 0.534453 0.442885 0.104094 0.366313
0 0.63543 0.440604 0.167516 0.0919583
0 0.384703 0.717948 0.0125 0.0251458
0 0.533539 0.299427 0.0264844 0.110729
0 0.179852 0.67326 0.170391 0.227438
0 0.564727 0.392052 0.0414844 0.0312292
0 0.440367 0.342688 0.108078 0.0817917
0 0.826484 0.729781 0.027375 0.0201875
0 0.39768 0.629229 0.259422 0.0989583
0 0.634133 0.449219 0.224047 0.116979
0 0.431734 0.39351 0.117875 0.207229
0 0.409836 0.512354 0.305766 0.345333
0 0.354602 0.354104 0.0817344 0.085625
0 0.42393 0.271344 0.0658906 0.0632292
0 0.386234 0.668594 0.0213438 0.0356458
0 0.412141 0.25 0.147187 0.0620417
0 0.312289 0.84449 0.0371094 0.0412708
0 0.343992 0.64724 0.0157969 0.0257292
0 0.391164 0.330792 0.0577031 0.025375
0 0.294227 0.843385 0.0392344 0.0451458
0 0.793352 0.727729 0.0248594 0.0217083
0 0.386813 0.293719 0.135 0.0469375
0 0.285695 0.462115 0.0422344 0.0307292
0 0.585016 0.338396 0.0209375 0.0155833
0 0.580484 0.469698 0.109688 0.122937
0 0.334547 0.85176 0.0214688 0.0532292
