0 0.562437 0.736542 0.0848125 0.0382083
0 0.576477 0.722698 0.109797 0.0505208
0 0.559805 0.786354 0.0434531 0.121792
0 0.491469 0.84701 0.0479062 0.155729
0 0.475141 0.759219 0.0446875 0.0220625
0 0.616805 0.883125 0.0986406 0.054875
0 0.441766 0.865521 0.06225 0.117917
0 0.452516 0.887115 0.050625 0.0677292
0 0.499719 0.941698 0.0309063 0.105563
0 0.654508 0.80399 0.0386094 0.0257292
0 0.591625 0.861167 0.106406 0.0518333
0 0.471539 0.728521 0.0732656 0.065125
0 0.599562 0.756219 0.0386875 0.0191875
0 0.519531 0.841135 0.0551562 0.0949792
0 0.539586 0.779729 0.0471094 0.10675
0 0.480336 0.540563 0.0259531 0.128708
0 0.538781 0.760448 0.0340625 0.0249792
0 0.608289 0.763625 0.0709219 0.0449583
0 0.531391 0.904 0.0213438 0.0346667
0 0.432344 0.832708 0.0440313 0.028
0 0.560125 0.923573 0.0394688 0.0709792
0 0.687484 0.893208 0.0504375 0.0940417
0 0.480523 0.744958 0.0447344 0.0435417
0 0.611719 0.777031 0.0799062 0.0604792
0 0.454742 0.801219 0.0925781 0.0528125
0 0.460062 0.859792 0.122906 0.0785417
0 0.469273 0.763656 0.0501094 0.0408125
0 0.61843 0.835917 0.0903906 0.0495833
0 0.637414 0.78974 0.0285781 0.0498542
0 0.520578 0.938469 0.0338125 0.123063
0 0.642945 0.824677 0.100641 0.0358958
0 0.569109 0.906333 0.0359688 0.0464167
0 0.534117 0.857052 0.0257656 0.0315208
0 0.510813 0.739146 0.0229687 0.0720833
