2 0.958438 0.72043 0.083125 0.0648281
2 0.266583 0.917469 0.0877917 0.0626562
2 0.731677 0.760461 0.103979 0.0657031
2 0.610969 0.932055 0.0798958 0.0780781
2 0.73725 0.651727 0.0925 0.0662344
2 0.871552 0.527563 0.104313 0.0645625
2 0.222104 0.958289 0.118333 0.0441406
2 0.797552 0.607063 0.0906458 0.0638125
2 0.77775 0.526141 0.0415 0.0226875
2 0.513031 0.653797 0.0312708 0.0302812
2 0.778167 0.706852 0.0938333 0.0707031
2 0.255219 0.883984 0.0794792 0.0464375
2 0.687687 0.690766 0.0919583 0.0620313
2 0.54851 0.653023 0.0654375 0.0417969
2 0.349885 0.9605 0.0856042 0.0678125
2 0.475073 0.894234 0.0921875 0.0628125
2 0.203531 0.847344 0.0863542 0.040625
2 0.299052 0.859906 0.0726458 0.036125
2 0.732938 0.593805 0.0799583 0.0583906
2 0.379573 0.880797 0.0583958 0.0604375
2 0.921146 0.768945 0.101667 0.0615156
2 0.647146 0.745922 0.084 0.0649062
2 0.526271 0.935305 0.0853333 0.0589844
2 0.614292 0.726984 0.0737917 0.0581875
2 0.334167 0.893125 0.0870417 0.0675937
2 0.596448 0.704492 0.0553958 0.0390781
2 0.976156 0.577539 0.0476875 0.0332969
2 0.684312 0.635273 0.0581667 0.0532656
2 0.662688 0.629922 0.061125 0.0520938
2 0.871219 0.722687 0.100604 0.0672813
2 0.0790104 0.884164 0.107312 0.0722656
2 0.98225 0.76732 0.0355 0.0557344
2 0.605073 0.874891 0.0687292 0.0496875
2 0.393635 0.843695 0.0814792 0.0342969
2 0.409125 0.647234 0.04525 0.044875
2 0.101604 0.981336 0.098625 0.0373281
2 0.546177 0.878 0.0656458 0.0372188
2 0.87824 0.615953 0.0845625 0.0615938
2 0.959104 0.613344 0.079875 0.0649375
2 0.932604 0.665086 0.085625 0.0633281
2 0.185656 0.896055 0.0757708 0.0511094
2 0.825437 0.563641 0.0995417 0.0646875
2 0.449708 0.651984 0.068625 0.0439688
2 0.422396 0.884484 0.0639583 0.0501562
2 0.0945312 0.954234 0.0976875 0.065125
2 0.847792 0.657547 0.0954167 0.0710937
2 0.801198 0.487016 0.0423542 0.0262812
2 0.899427 0.504375 0.0769792 0.03625
2 0.284115 0.974672 0.103854 0.0506562
2 0.109208 0.905484 0.0854583 0.0524063
2 0.626573 0.842617 0.0806458 0.0566094
2 0.191656 0.940539 0.0816042 0.0741406
2 0.911438 0.577687 0.0841667 0.0575
2 0.467187 0.978867 0.0897917 0.0422656
2 0.509406 0.975445 0.0681458 0.0484531
2 0.643365 0.677367 0.0551042 0.0511719
2 0.661021 0.892758 0.0682083 0.0539844
2 0.823833 0.770656 0.0979167 0.0535
