0 0.483727 0.376889 0.0682656 0.108778
0 0.550453 0.551847 0.0685937 0.13075
0 0.553984 0.389125 0.064875 0.13325
0 0.712648 0.306458 0.0556719 0.113861
0 0.632445 0.335167 0.129516 0.132056
0 0.526164 0.875056 0.0855781 0.150389
0 0.519594 0.467167 0.0724375 0.1035
0 0.639219 0.345444 0.070125 0.107611
0 0.63125 0.701847 0.062875 0.120694
0 0.661937 0.432403 0.055875 0.0914167
0 0.693492 0.776806 0.0571719 0.100667
0 0.632188 0.265278 0.0431563 0.0753889
0 0.615289 0.563764 0.0547969 0.10025
0 0.588992 0.604097 0.0628906 0.105639
0 0.684484 0.681042 0.057875 0.0976944
0 0.526016 0.763597 0.0459062 0.0884167
0 0.537492 0.674986 0.0582656 0.103917
0 0.65468 0.852097 0.0764844 0.157194
0 0.591391 0.690764 0.0640938 0.136917
0 0.576359 0.820444 0.062625 0.1365
0 0.592406 0.496375 0.0564063 0.113472
0 0.643984 0.478125 0.0635625 0.112417
0 0.657672 0.591444 0.0697187 0.113556
0 0.737266 0.718764 0.0765312 0.12925
0 0.611797 0.41625 0.0652188 0.101611
0 0.692336 0.529556 0.0338594 0.131611
3 0.369867 0.487667 0.112609 0.202944
3 0.394836 0.890139 0.205672 0.216222
3 0.273281 0.766736 0.166094 0.33925
3 0.442828 0.656347 0.172656 0.272694
