2 0.534523 0.413977 0.0983594 0.0794531
2 0.192555 0.901516 0.122734 0.0781875
2 0.98775 0.962 0.0245 0.076
2 0.51925 0.331633 0.0985625 0.0823594
2 0.779609 0.957828 0.134719 0.0843437
2 0.107141 0.856898 0.0837813 0.0528906
2 0.721828 0.953695 0.0830313 0.0817656
2 0.899492 0.963211 0.0990156 0.0727969
2 0.0897422 0.907695 0.0981406 0.0848906
2 0.955727 0.950961 0.0863594 0.0893906
2 0.0310234 0.952859 0.0620469 0.0942813
2 0.34468 0.951641 0.0960469 0.0854688
2 0.257078 0.897055 0.0796875 0.0727969
2 0.323414 0.459227 0.0863594 0.0786406
2 0.0101328 0.890914 0.0197031 0.0375781
2 0.248609 0.95693 0.0910625 0.0802031
2 0.855008 0.954531 0.0725781 0.0848125
2 0.1575 0.95107 0.093375 0.0978594
2 0.46657 0.44518 0.0876719 0.0335469
5 0.597516 0.390133 0.0276875 0.0371719
5 0.657648 0.340008 0.0484219 0.0342656
5 0.604688 0.347453 0.118063 0.0806562
5 0.611156 0.300789 0.0728125 0.0485469
