5 0.534078 0.525113 0.08425 0.0801568
5 0.483305 0.46257 0.0963281 0.101794
5 0.53593 0.434739 0.0832031 0.09
5 0.541344 0.311481 0.0889687 0.109164
5 0.509641 0.35419 0.0724063 0.0859059
5 0.450547 0.532814 0.0846563 0.0641289
5 0.46068 0.410453 0.0641094 0.0583972
0 0.186 0.330618 0.161344 0.154965
0 0.181391 0.426899 0.0774375 0.180627
0 0.236063 0.469007 0.0960625 0.0800348
0 0.140484 0.456124 0.0713125 0.164617
0 0.348531 0.455026 0.167531 0.101934
0 0.28132 0.531472 0.226203 0.0547213
0 0.228234 0.509469 0.170687 0.0956969
