0 0.365937 0.386768 0.0352813 0.376393
0 0.295594 0.707049 0.0179375 0.108431
0 0.230625 0.512693 0.0547188 0.214379
0 0.122117 0.594778 0.0290781 0.33274
0 0.247508 0.686276 0.0250469 0.196487
0 0.138656 0.586557 0.0564063 0.364403
0 0.390688 0.543208 0.0860937 0.250726
0 0.155508 0.469965 0.0410156 0.42274
0 0.393109 0.388724 0.044 0.415527
0 0.0497969 0.517108 0.0995938 0.377869
0 0.483211 0.365995 0.0559844 0.183888
0 0.241438 0.390679 0.0623125 0.318642
0 0.422797 0.423946 0.0665 0.497213
0 0.110016 0.454625 0.09975 0.508361
0 0.21968 0.452916 0.0225156 0.166674
0 0.0636484 0.541815 0.0537031 0.164801
0 0.559484 0.589883 0.176031 0.328525
0 0.250906 0.425152 0.0875313 0.268103
0 0.338344 0.546628 0.0697812 0.399906
0 0.246195 0.557319 0.0697656 0.281897
0 0.28382 0.653712 0.0140469 0.170375
0 0.200164 0.522459 0.0161094 0.371429
0 0.271219 0.546651 0.0270625 0.135691
0 0.472352 0.626042 0.0689844 0.237518
0 0.349281 0.638232 0.146562 0.465831
0 0.336453 0.661616 0.027625 0.114333
0 0.0831016 0.722248 0.0540156 0.210023
0 0.0620703 0.621534 0.0573281 0.291686
0 0.484687 0.57329 0.0334062 0.174169
0 0.18743 0.485527 0.0450469 0.416581
