0 0.692492 0.412071 0.143609 0.0619665
0 0.642453 0.395649 0.0219062 0.0608787
0 0.780992 0.4016 0.0504844 0.0407322
0 0.699508 0.463462 0.0499844 0.0262134
0 0.663875 0.367688 0.0320312 0.0715272
0 0.702328 0.394948 0.165156 0.0598954
0 0.688406 0.455345 0.089625 0.0392678
0 0.719555 0.439561 0.0296719 0.043431
0 0.742617 0.450523 0.0332344 0.0442259
0 0.611195 0.42318 0.0972031 0.0930126
0 0.688273 0.434425 0.0270156 0.0429079
0 0.739984 0.412531 0.0418125 0.0243515
0 0.731141 0.429153 0.08425 0.0196444
0 0.768234 0.44591 0.0281563 0.0312762
