2 0.865 0.894961 0.117619 0.0532969
2 0.879799 0.937703 0.106967 0.0703438
2 0.0616792 0.894891 0.0536341 0.021
2 0.338108 0.959117 0.0840351 0.0653281
2 0.0956516 0.924344 0.0382707 0.0384688
2 0.564411 0.98582 0.0422556 0.0227031
2 0.224248 0.875609 0.0934085 0.0554063
2 0.984649 0.845477 0.0307018 0.0664219
2 0.942769 0.976789 0.100827 0.0407656
2 0.449048 0.834508 0.0981454 0.0677344
2 0.82614 0.861367 0.0533333 0.0422969
2 0.669336 0.825336 0.115263 0.0553906
2 0.171692 0.975508 0.0589724 0.0339531
2 0.225514 0.822727 0.0798997 0.0509844
2 0.990827 0.790586 0.0183459 0.0474531
2 0.655689 0.987508 0.0764411 0.0249844
2 0.477957 0.892609 0.125388 0.0521875
2 0.0108772 0.962883 0.0190977 0.0440156
2 0.972193 0.935344 0.0518546 0.0571875
2 0.570138 0.947164 0.0790226 0.0579531
2 0.631967 0.879555 0.0802256 0.0597656
2 0.813985 0.94393 0.0767419 0.0714531
2 0.784461 0.896156 0.077594 0.0506875
2 0.946692 0.78782 0.0883208 0.0543906
2 0.378835 0.90382 0.0860401 0.0566094
2 0.570376 0.828086 0.0839599 0.0469219
2 0.504524 0.847445 0.057619 0.0512969
2 0.0300125 0.898438 0.0436341 0.0405313
2 0.328383 0.791531 0.0645865 0.04
2 0.714612 0.810773 0.0802506 0.0520781
2 0.131805 0.884875 0.0962406 0.06975
2 0.924148 0.881266 0.0232331 0.023625
2 0.733947 0.939008 0.0798246 0.0614531
2 0.714624 0.743586 0.0711529 0.0364219
2 0.217043 0.929727 0.0962907 0.0595156
2 0.283509 0.839578 0.0966917 0.0607812
2 0.891253 0.847891 0.10015 0.0628125
2 0.601604 0.747086 0.0910276 0.0489844
2 0.0767544 0.982812 0.126341 0.0323125
2 0.424674 0.97718 0.031203 0.0117031
2 0.611353 0.847672 0.0336341 0.0264375
2 0.878571 0.809437 0.0975439 0.0579687
2 0.498559 0.97507 0.104887 0.0469844
2 0.745238 0.769937 0.0934336 0.0630938
2 0.553233 0.868453 0.0816541 0.05825
2 0.0513158 0.916664 0.0743609 0.0405156
2 0.413997 0.94282 0.114862 0.0592344
2 0.658709 0.747094 0.0395238 0.0197188
2 0.483195 0.80925 0.053208 0.0270937
2 0.293446 0.907117 0.0876441 0.0620469
2 0.707607 0.995898 0.0362657 0.00820313
2 0.775125 0.744375 0.0578195 0.02225
2 0.291228 0.871891 0.0456642 0.0182187
2 0.628383 0.783625 0.133459 0.0636875
2 0.242594 0.966617 0.0892982 0.0667656
2 0.960351 0.835461 0.0685213 0.0679844
2 0.573521 0.994906 0.0557143 0.0101875
2 0.94282 0.944273 0.0346617 0.0277031
2 0.390952 0.983352 0.0913784 0.0332969
2 0.0258521 0.865094 0.0492481 0.04925
2 0.0483208 0.947805 0.0765414 0.0464219
2 0.138246 0.819156 0.0612531 0.0323437
2 0.180426 0.991688 0.106566 0.016625
2 0.993997 0.980578 0.012005 0.0388437
2 0.174875 0.822906 0.0481454 0.0361563
2 0.877682 0.773797 0.0706516 0.0344062
2 0.642907 0.966906 0.106917 0.0635938
2 0.423434 0.872016 0.0448622 0.0369375
2 0.528872 0.791094 0.0900251 0.0555937
2 0.142531 0.834008 0.0502757 0.0355781
2 0.414261 0.779898 0.13203 0.0640156
2 0.356754 0.82707 0.109699 0.0547031
2 0.129599 0.947469 0.0932331 0.0553125
2 0.274912 0.785453 0.0817043 0.0565312
2 0.0779449 0.866383 0.086015 0.0441094
2 0.513133 0.740961 0.102055 0.0543594
2 0.961165 0.895461 0.0776692 0.0612969
2 0.813559 0.77875 0.0707769 0.0523125
2 0.774261 0.844164 0.081203 0.0572344
2 0.841729 0.981531 0.0962907 0.034375
2 0.715338 0.877148 0.0819048 0.0753906
2 0.287832 0.950211 0.0414286 0.0346719
2 0.753271 0.982352 0.0942607 0.0317969
2 0.304561 0.988906 0.0854135 0.0221875
2 0.181892 0.849055 0.0571679 0.0182031
2 0.360664 0.870484 0.105338 0.054375
2 0.654799 0.922875 0.0779699 0.0395937
2 0.292155 0.975766 0.0251128 0.0171875
2 0.505363 0.925273 0.0834085 0.0552344
2 0.615401 0.94332 0.0263409 0.0179531
2 0.472769 0.783461 0.0307519 0.0315156
2 0.707995 0.968961 0.0469173 0.0451406
2 0.582682 0.910781 0.0917794 0.0454375
2 0.109937 0.804172 0.0610276 0.0423437
2 0.0275564 0.983062 0.0505013 0.0312187
