4 0.57384 0.702413 0.06632 0.0880267
4 0.57934 0.61328 0.07532 0.114347
4 0.34908 0.70764 0.03284 0.167067
4 0.47274 0.551627 0.12944 0.105387
4 0.509 0.77264 0.15864 0.136747
4 0.38297 0.574027 0.08794 0.110507
4 0.67366 0.768227 0.0166 0.10184
4 0.49326 0.65324 0.10512 0.123333
0 0.62498 0.76232 0.08896 0.19392
0 0.27482 0.246973 0.0732 0.107653
0 0.40882 0.670933 0.11196 0.172213
0 0.55237 0.78032 0.0603 0.0754133
5 0.63025 0.4154 0.16634 0.17256
5 0.78102 0.379467 0.16148 0.164693
5 0.62442 0.510733 0.14048 0.115707
