5 0.37826 0.62808 0.05096 0.07872
5 0.31972 0.497613 0.08656 0.123013
5 0.40044 0.552947 0.06948 0.08888
5 0.36746 0.522053 0.0328 0.0730133
5 0.32258 0.604093 0.07544 0.10616
2 0.54567 0.548733 0.0887 0.1124
2 0.54363 0.430867 0.07986 0.12664
2 0.6372 0.35616 0.12616 0.113333
2 0.6707 0.46256 0.0998 0.118987
3 0.25315 0.283427 0.04614 0.04072
3 0.17612 0.318587 0.04976 0.0709867
3 0.2186 0.299147 0.04196 0.04464
3 0.18706 0.234013 0.03244 0.0536267
3 0.22591 0.214627 0.04706 0.0661067
3 0.20915 0.254267 0.0573 0.0532267
3 0.26272 0.230653 0.046 0.0748
3 0.22986 0.176987 0.0416 0.0470933
3 0.23616 0.341453 0.06904 0.05512
3 0.16308 0.22068 0.03136 0.05
3 0.13749 0.338493 0.04346 0.0473333
3 0.15882 0.259253 0.03316 0.03072
3 0.16565 0.284107 0.05262 0.04496
3 0.14873 0.311573 0.00926 0.0181867
3 0.25668 0.314747 0.0324 0.03536
3 0.18348 0.351373 0.05332 0.0308
3 0.18769 0.17392 0.04514 0.0692267
3 0.27646 0.187333 0.02852 0.0418667
