3 0.727617 0.346863 0.110641 0.156582
3 0.734922 0.473246 0.0761875 0.115642
3 0.779203 0.483183 0.0653125 0.117179
3 0.82675 0.370416 0.06525 0.142459
3 0.785328 0.357821 0.0887813 0.163345
0 0.823055 0.655633 0.0671094 0.128481
0 0.968023 0.634973 0.0639531 0.0590235
0 0.893906 0.565181 0.0587188 0.0545208
0 0.443492 0.391555 0.0458594 0.224882
0 0.877234 0.66981 0.0596563 0.159222
0 0.892797 0.600552 0.124406 0.173906
0 0.879148 0.532532 0.101453 0.151175
0 0.421305 0.354557 0.0322344 0.11302
0 0.828023 0.566664 0.0421094 0.195533
0 0.901664 0.510271 0.0872031 0.0786618
0 0.364422 0.403626 0.0356875 0.328879
5 0.621672 0.452712 0.146437 0.153671
