0 0.24082 0.854401 0.0452 0.0596764
0 0.40018 0.67843 0.02872 0.0685113
0 0.22938 0.838414 0.0428 0.0598058
0 0.17638 0.849369 0.03432 0.0639806
0 0.31732 0.736748 0.04232 0.0382848
0 0.14696 0.839288 0.03116 0.0621359
0 0.43155 0.830761 0.05294 0.0632039
0 0.28093 0.86356 0.03926 0.04589
0 0.75873 0.750016 0.34694 0.175696
0 0.11776 0.848819 0.0508 0.0657929
0 0.26429 0.813123 0.0369 0.0252751
0 0.32517 0.842654 0.08814 0.0845955
0 0.43329 0.769498 0.0331 0.0708414
0 0.20409 0.857184 0.03346 0.0537864
0 0.25786 0.797298 0.04508 0.0371197
0 0.35289 0.766699 0.02846 0.0241424
0 0.19779 0.82945 0.01674 0.0123625
0 0.1713 0.798091 0.02884 0.0352104
0 0.33336 0.781246 0.03304 0.028835
0 0.41105 0.703803 0.03374 0.0637864
0 0.09098 0.839968 0.04316 0.058123
0 0.38486 0.837411 0.05152 0.0776699
0 0.40798 0.765599 0.04456 0.0674434
0 0.3799 0.778722 0.01648 0.05589
0 0.22227 0.788738 0.02614 0.0297087
0 0.29499 0.809838 0.04062 0.0159223
0 0.70629 0.696521 0.20706 0.0592557
0 0.15552 0.787023 0.03092 0.0297087
0 0.39387 0.798997 0.0227 0.0434951
0 0.81418 0.700081 0.06108 0.0186731
0 0.27716 0.760372 0.04236 0.0425566
0 0.32955 0.80055 0.0415 0.0180583
0 0.29682 0.789951 0.03524 0.0224919
0 0.16011 0.810825 0.02814 0.0182848
0 0.12955 0.808754 0.02986 0.0193204
0 0.35134 0.786181 0.03056 0.0293851
0 0.31424 0.758754 0.03656 0.0510356
0 0.24256 0.77288 0.0228 0.0243366
0 0.87 0.677816 0.101 0.0730421
0 0.19692 0.79822 0.03164 0.0461489
0 0.79815 0.718511 0.05762 0.0350809
