0 0.40637 0.623747 0.02998 0.0830133
0 0.12983 0.590373 0.04818 0.2496
0 0.23655 0.59032 0.07954 0.105653
0 0.26074 0.532693 0.07772 0.0976
0 0.28413 0.598947 0.08526 0.270853
0 0.52915 0.46496 0.04682 0.221227
0 0.28624 0.722093 0.03308 0.06472
0 0.44384 0.4938 0.05 0.188133
0 0.40212 0.337427 0.05352 0.134747
0 0.40732 0.552107 0.02572 0.158507
0 0.09889 0.599053 0.04862 0.126267
0 0.1805 0.70896 0.0674 0.08848
0 0.21838 0.712547 0.053 0.0961867
0 0.14715 0.626667 0.02902 0.31376
0 0.38515 0.535093 0.02546 0.2568
0 0.20463 0.714587 0.03714 0.05296
0 0.22933 0.50068 0.09686 0.08232
0 0.34877 0.357147 0.0571 0.0865067
0 0.29343 0.366933 0.0653 0.05344
0 0.11927 0.51232 0.10082 0.176587
0 0.36788 0.59968 0.01824 0.169067
0 0.25656 0.766973 0.03132 0.05704
0 0.43187 0.521693 0.06314 0.142533
0 0.37083 0.383827 0.0283 0.04504
0 0.25171 0.544947 0.14706 0.233733
0 0.45365 0.4228 0.06162 0.165013
0 0.4814 0.47064 0.02016 0.120587
0 0.49548 0.475387 0.02756 0.152053
0 0.36347 0.530573 0.0277 0.117893
0 0.19291 0.65496 0.03038 0.0283733
0 0.11141 0.622333 0.02358 0.0970933
0 0.16819 0.53432 0.01918 0.158027
0 0.32967 0.649 0.06682 0.09048
0 0.51222 0.443213 0.01764 0.12664
0 0.22854 0.487067 0.16948 0.161013
0 0.36398 0.35152 0.07004 0.106347
0 0.37551 0.297307 0.09642 0.0848533
0 0.29919 0.70712 0.0707 0.22848
0 0.17872 0.431547 0.01752 0.02336
0 0.39208 0.25892 0.03252 0.01672
0 0.45325 0.31904 0.03658 0.1152
0 0.10966 0.507227 0.0808 0.13664
0 0.29489 0.612107 0.08422 0.17504
0 0.42012 0.337867 0.0576 0.134187
0 0.3154 0.32352 0.15588 0.116107
0 0.4239 0.442613 0.01324 0.0483733
0 0.42052 0.35944 0.04616 0.0966933
0 0.20502 0.46512 0.03068 0.0791467
0 0.33417 0.34884 0.0879 0.07624
0 0.32748 0.502973 0.05348 0.1268
0 0.13874 0.577107 0.01516 0.10216
0 0.26205 0.737653 0.0617 0.106293
0 0.18826 0.47852 0.00908 0.0573067
0 0.23798 0.753253 0.03236 0.0528533
0 0.21968 0.47352 0.01264 0.02864
0 0.47897 0.43484 0.05402 0.222747
0 0.54919 0.422507 0.04786 0.10992
0 0.34329 0.60164 0.07342 0.372613
0 0.45417 0.391587 0.10194 0.11976
0 0.22681 0.82288 0.08986 0.25744
