0 0.749539 0.857375 0.0754844 0.28525
0 0.769891 0.820408 0.150219 0.356957
0 0.693813 0.869239 0.111656 0.211243
0 0.692234 0.846549 0.149469 0.306902
0 0.882039 0.824833 0.0992344 0.350334
0 0.786336 0.873377 0.0908281 0.250019
0 0.646086 0.887245 0.102203 0.217161
0 0.732164 0.938738 0.0431719 0.122523
0 0.798594 0.882764 0.0874062 0.234471
0 0.682156 0.770186 0.140844 0.180037
0 0.843305 0.855501 0.0934531 0.288516
0 0.622484 0.779545 0.0425 0.0462894
0 0.841031 0.816568 0.112312 0.334286
1 0.657711 0.33551 0.235609 0.247495
1 0.740164 0.421299 0.254297 0.200111
