0 0.418672 0.654016 0.223563 0.0879391
0 0.351008 0.633841 0.149516 0.0911944
0 0.459313 0.655504 0.219344 0.0686651
0 0.430008 0.629988 0.233797 0.04363
0 0.582008 0.581066 0.0465469 0.0270492
0 0.625258 0.57007 0.0258594 0.0244965
0 0.323898 0.629883 0.106016 0.0738173
0 0.358867 0.678489 0.0739219 0.0261593
0 0.398398 0.610375 0.0728594 0.0102108
5 0.841031 0.893489 0.107187 0.166276
5 0.868875 0.752014 0.117594 0.137799
5 0.95093 0.837623 0.0981406 0.164473
5 0.762727 0.744941 0.0975781 0.12815
5 0.729422 0.883407 0.110156 0.155948
5 0.651367 0.771265 0.116703 0.161311
