0 0.67178 0.297063 0.121311 0.201844
0 0.330902 0.294031 0.256838 0.241125
0 0.435703 0.233867 0.421288 0.173984
0 0.529274 0.167711 0.529508 0.241797
0 0.433806 0.171656 0.344801 0.200031
0 0.610913 0.498477 0.0592037 0.0514219
0 0.781499 0.415992 0.133958 0.117984
0 0.798712 0.354445 0.173021 0.159453
0 0.649016 0.427984 0.113817 0.219563
0 0.499133 0.458609 0.112225 0.170594
0 0.407787 0.516836 0.111639 0.277266
0 0.276827 0.492164 0.0847541 0.176203
0 0.340281 0.478234 0.12829 0.259875
0 0.334169 0.618266 0.0978454 0.188281
0 0.589239 0.44307 0.0669555 0.0763594
0 0.579883 0.407992 0.142857 0.143422
0 0.56904 0.293055 0.0626698 0.0697031
0 0.694122 0.518312 0.0766745 0.0791562
0 0.471827 0.295023 0.280984 0.116109
5 0.0426347 0.624039 0.0816159 0.131734
5 0.0588759 0.439039 0.117752 0.139422
5 0.209239 0.686094 0.211686 0.0441875
5 0.0764754 0.339867 0.150749 0.156797
5 0.218009 0.323969 0.245527 0.13525
5 0.139005 0.568562 0.19089 0.151156
5 0.0283958 0.5095 0.0551054 0.119281
5 0.172763 0.454234 0.136674 0.120313
1 0.895176 0.139844 0.209649 0.190062
1 0.864859 0.324961 0.270281 0.284391
1 0.945199 0.524633 0.106464 0.141391
1 0.947049 0.64782 0.105902 0.218328
