1 0.652177 0.441422 0.209062 0.124031
1 0.732865 0.377922 0.0915208 0.0894062
5 0.515073 0.541242 0.107938 0.0376719
5 0.35724 0.507047 0.0714375 0.0535937
5 0.401958 0.470273 0.0766667 0.0613906
5 0.731792 0.52582 0.108042 0.0632969
5 0.363667 0.576664 0.0356667 0.0230469
5 0.435688 0.570094 0.118875 0.05775
5 0.640479 0.524648 0.0761667 0.0424219
5 0.493885 0.514602 0.0651875 0.0522031
5 0.407156 0.54418 0.106979 0.0519844
5 0.456292 0.493406 0.0765417 0.069625
5 0.530823 0.583688 0.113229 0.0701875
0 0.454875 0.227242 0.195542 0.0958594
0 0.504021 0.228437 0.0854583 0.0337187
0 0.559177 0.24418 0.121146 0.0325781
0 0.579646 0.220375 0.118083 0.038125
0 0.401677 0.214883 0.101437 0.0278594
0 0.485885 0.230766 0.229896 0.045125
