4 0.561758 0.335146 0.0227344 0.0225417
4 0.542352 0.227854 0.0183281 0.02
4 0.613578 0.242146 0.01425 0.02025
4 0.529227 0.302615 0.0119844 0.0238542
4 0.584984 0.253375 0.0134375 0.013375
4 0.623633 0.286469 0.0116719 0.0147292
4 0.553867 0.1675 0.0130156 0.0126667
4 0.696352 0.340427 0.0106406 0.0225208
4 0.659227 0.312125 0.0178281 0.0159583
4 0.604422 0.190135 0.0140937 0.0161042
4 0.637602 0.232146 0.0138594 0.0184583
4 0.657891 0.276302 0.02025 0.0187292
4 0.647078 0.370323 0.0109375 0.0118542
4 0.592977 0.259656 0.0138281 0.0170625
4 0.583617 0.348896 0.00929687 0.0112917
4 0.621125 0.279073 0.00959375 0.0116875
4 0.608406 0.319 0.01425 0.0198333
4 0.564969 0.24249 0.016375 0.0201875
4 0.5825 0.177792 0.0103125 0.0255
0 0.329773 0.232115 0.0127031 0.00922917
0 0.307188 0.28776 0.00675 0.0115625
0 0.471984 0.282615 0.0195 0.0264375
0 0.386523 0.35101 0.0146406 0.00872917
0 0.446695 0.230948 0.00698437 0.0201042
0 0.426594 0.256427 0.009375 0.0266458
0 0.369922 0.344083 0.00825 0.011
0 0.410875 0.300781 0.00896875 0.0222708
0 0.333539 0.282344 0.0226719 0.0075625
0 0.444867 0.201885 0.00482812 0.0085625
0 0.415078 0.174948 0.00890625 0.0166875
0 0.259727 0.33374 0.00989063 0.0074375
0 0.31643 0.216448 0.0112344 0.00964583
0 0.360891 0.29724 0.0121875 0.0060625
0 0.321594 0.355708 0.0212812 0.00441667
0 0.455102 0.358573 0.00876563 0.0149792
0 0.239008 0.341281 0.0209531 0.00772917
0 0.39432 0.219656 0.00907812 0.0178125
0 0.441828 0.295813 0.0152812 0.0119583
0 0.290875 0.280094 0.026875 0.0168542
0 0.314484 0.22626 0.0131562 0.00889583
0 0.493625 0.334031 0.0073125 0.0179375
0 0.357172 0.24799 0.0147813 0.0144792
0 0.342477 0.310083 0.0212344 0.0139583
0 0.37868 0.185437 0.00757812 0.00541667
0 0.269789 0.315781 0.0166406 0.0141042
0 0.285852 0.32199 0.0125781 0.00464583
0 0.301484 0.330698 0.018625 0.0165625
0 0.306516 0.24125 0.00984375 0.0115417
0 0.426789 0.279854 0.00707813 0.00991667
0 0.34293 0.230969 0.00754687 0.0324792
0 0.423133 0.206844 0.00785938 0.0112708
0 0.271305 0.258937 0.0233281 0.0146667
0 0.417922 0.207 0.0115 0.0225
0 0.42343 0.269542 0.00692187 0.0134167
0 0.402195 0.306792 0.0167031 0.00779167
0 0.440086 0.302865 0.0128281 0.0171042
0 0.336773 0.16899 0.0176719 0.0124792
0 0.260164 0.296427 0.0132344 0.0088125
0 0.293734 0.359646 0.00475 0.00191667
0 0.369672 0.211708 0.0074375 0.0145833
0 0.464969 0.29099 0.00621875 0.0159792
0 0.384664 0.30749 0.00557812 0.00552083
0 0.468016 0.215573 0.016125 0.0173542
0 0.449937 0.33099 0.008875 0.0140625
0 0.468703 0.301687 0.018 0.0125417
0 0.474531 0.247792 0.014 0.0135833
0 0.342109 0.35351 0.0101563 0.00827083
0 0.362648 0.159698 0.00760937 0.0066875
0 0.450891 0.274427 0.0135 0.0192708
0 0.251031 0.260125 0.0091875 0.0269583
0 0.320781 0.309406 0.0095625 0.00797917
0 0.460102 0.324677 0.0121406 0.0128542
0 0.367695 0.24374 0.00876563 0.0166875
0 0.413352 0.345885 0.00604688 0.00872917
0 0.37607 0.250958 0.00826563 0.00716667
0 0.456664 0.254635 0.00939062 0.0134375
0 0.361844 0.34099 0.0181562 0.00752083
0 0.284734 0.293917 0.00740625 0.00954167
0 0.349023 0.240448 0.00779687 0.0187708
0 0.280062 0.247167 0.0279063 0.0225833
0 0.31593 0.271198 0.0115156 0.0094375
0 0.401086 0.233031 0.0106094 0.0208958
0 0.388938 0.170104 0.016375 0.020625
0 0.377812 0.152333 0.0098125 0.00583333
0 0.332508 0.177792 0.0254844 0.0319583
0 0.346734 0.264052 0.0128438 0.00789583
0 0.372648 0.282573 0.00776562 0.0103542
0 0.393336 0.278719 0.00879687 0.00810417
0 0.416562 0.327406 0.00496875 0.0223125
0 0.438961 0.224615 0.0203594 0.0140625
0 0.373563 0.318667 0.0178437 0.0085
0 0.359953 0.283885 0.016125 0.0178958
0 0.386656 0.288073 0.0048125 0.0229375
0 0.314297 0.279615 0.0115625 0.0121042
0 0.431602 0.350448 0.00935937 0.00564583
0 0.412031 0.338333 0.00709375 0.0250417
0 0.318117 0.314875 0.00723437 0.0154167
0 0.490656 0.313167 0.00884375 0.0164167
0 0.423297 0.343448 0.0289687 0.0111458
0 0.260406 0.318656 0.0061875 0.00635417
0 0.309414 0.356198 0.0156406 0.0101458
0 0.34132 0.348229 0.0137656 0.0112917
0 0.46182 0.349865 0.00867187 0.0159792
