2 0.785281 0.127136 0.0694375 0.0547887
2 0.788703 0.190869 0.0774375 0.10892
2 0.861062 0.948122 0.111125 0.103756
2 0.72768 0.101843 0.0697344 0.102887
2 0.536586 0.745622 0.100922 0.160399
2 0.664266 0.942617 0.121625 0.114765
2 0.726695 0.947077 0.0680781 0.102183
2 0.728258 0.174225 0.0660781 0.0785446
2 0.846055 0.180892 0.0607031 0.100423
2 0.808266 0.301303 0.06125 0.122653
2 0.850234 0.274131 0.0737187 0.125681
2 0.966672 0.942805 0.0666563 0.11439
2 0.577195 0.96 0.0752031 0.0758216
2 0.780148 0.0498005 0.0805469 0.0996009
2 0.831008 0.103122 0.0707969 0.0757277
5 0.507781 0.314108 0.0331562 0.0701408
5 0.637641 0.0869484 0.0603437 0.0894836
5 0.526734 0.0882864 0.0585938 0.0769953
5 0.576484 0.118979 0.0804375 0.102512
5 0.524055 0.248486 0.0628281 0.0825117
5 0.63525 0.236138 0.0682187 0.0876761
5 0.540445 0.0171831 0.0617031 0.0323944
5 0.583867 0.184636 0.0595156 0.0908685
5 0.58532 0.277101 0.0683281 0.0852347
5 0.635172 0.306185 0.0616563 0.048615
5 0.636703 0.164038 0.0495625 0.0787324
5 0.636547 0.0161385 0.0510312 0.0276761
5 0.52307 0.169401 0.0526719 0.0815258
