5 0.67812 0.219889 0.04636 0.0633661
5 0.95125 0.793673 0.06614 0.0728501
5 0.81409 0.806953 0.07542 0.0783292
5 0.53185 0.233354 0.04946 0.072457
5 0.86474 0.810565 0.04592 0.0626536
5 0.75518 0.708612 0.02304 0.0389926
5 0.75396 0.890663 0.06528 0.0746437
5 0.57951 0.257506 0.05794 0.0492138
5 0.12457 0.904042 0.09358 0.121302
5 0.72922 0.812801 0.05856 0.0466339
5 0.80209 0.638391 0.05862 0.0620393
5 0.73926 0.612703 0.0594 0.0512039
5 0.55522 0.287002 0.05332 0.0737592
5 0.98722 0.866966 0.02556 0.071769
5 0.92703 0.738182 0.05222 0.0834398
5 0.71678 0.747617 0.07268 0.0881572
5 0.94925 0.865614 0.07518 0.0972727
5 0.12344 0.691229 0.09592 0.140541
5 0.7502 0.779668 0.03796 0.0497543
5 0.84102 0.855467 0.06736 0.0520639
5 0.68751 0.87984 0.07258 0.0613022
5 0.42123 0.4993 0.05786 0.0722604
5 0.87966 0.75484 0.06164 0.0780835
5 0.03917 0.840246 0.07834 0.102408
5 0.62164 0.570037 0.03796 0.0253808
5 0.37511 0.261757 0.02226 0.0276413
5 0.5823 0.765663 0.07388 0.0707862
5 0.90681 0.914877 0.06534 0.0589435
5 0.84644 0.909914 0.07872 0.0969779
5 0.63839 0.886916 0.08322 0.0360442
5 0.0509 0.730934 0.09888 0.120049
5 0.12025 0.823808 0.08582 0.114349
5 0.34757 0.268563 0.02314 0.0274447
5 0.67454 0.571572 0.0486 0.038231
5 0.74166 0.330184 0.04068 0.0449386
5 0.32409 0.226536 0.0221 0.0264373
5 0.7916 0.748206 0.07432 0.0729238
5 0.7434 0.641818 0.04964 0.01543
5 0.79165 0.946794 0.0691 0.052457
5 0.35163 0.488157 0.0749 0.0890909
5 0.64331 0.788415 0.07586 0.0382555
5 0.50644 0.232088 0.02828 0.0629975
5 0.37399 0.56871 0.07738 0.0741278
5 0.04661 0.673686 0.09322 0.0858968
5 0.79781 0.888796 0.02522 0.070172
5 0.85127 0.643084 0.06898 0.0610565
5 0.39707 0.238931 0.01602 0.0264619
5 0.69429 0.597432 0.03358 0.0182064
5 0.40911 0.523391 0.0695 0.0893857
5 0.32935 0.295663 0.0217 0.0307862
5 0.69465 0.789693 0.02954 0.034226
5 0.34149 0.24043 0.02306 0.0263145
5 0.60871 0.244877 0.03474 0.0527027
5 0.98596 0.75312 0.02316 0.0341032
5 0.57952 0.225602 0.02624 0.0169042
5 0.96772 0.656106 0.03596 0.0228747
5 0.76026 0.345098 0.05676 0.0558477
5 0.60931 0.297936 0.04846 0.0532187
5 0.03678 0.918833 0.07272 0.132752
5 0.63108 0.26027 0.01884 0.0570025
5 0.84989 0.691867 0.0657 0.0797543
5 0.78849 0.691364 0.05006 0.0598771
5 0.901 0.799201 0.0558 0.0533415
5 0.65067 0.767162 0.06918 0.057371
5 0.84017 0.767002 0.0265 0.0233415
5 0.71462 0.268133 0.06008 0.0628501
5 0.30956 0.2236 0.01116 0.0129484
5 0.71758 0.578231 0.05424 0.0448649
5 0.63587 0.197838 0.04834 0.0653563
5 0.61149 0.743268 0.01462 0.0229975
5 0.30119 0.233612 0.01982 0.0234889
5 0.59537 0.191007 0.03286 0.0287469
5 0.30904 0.546523 0.07028 0.0842015
5 0.90117 0.85188 0.06014 0.0726044
5 0.31451 0.263022 0.01878 0.02
5 0.78443 0.910344 0.04422 0.0469287
5 0.62781 0.357531 0.05146 0.0600246
2 0.01907 0.211892 0.03814 0.0418182
2 0.11887 0.136548 0.03962 0.049656
2 0.16195 0.123624 0.06474 0.0406143
2 0.40346 0.954853 0.09396 0.0902948
2 0.12014 0.0890541 0.04484 0.0592383
2 0.19633 0.149496 0.0439 0.0585995
2 0.22204 0.970774 0.092 0.0584521
2 0.3646 0.935197 0.06444 0.095258
2 0.32639 0.932703 0.03418 0.0675184
2 0.50268 0.955491 0.11716 0.0866585
2 0.06032 0.107396 0.04548 0.0584767
2 0.46135 0.827101 0.04758 0.0770516
2 0.03158 0.149816 0.05164 0.0469042
2 0.16677 0.209398 0.02994 0.0565848
2 0.28911 0.860885 0.07894 0.10344
2 0.16876 0.0911179 0.05332 0.0528993
2 0.10322 0.160504 0.0462 0.032457
2 0.06423 0.166007 0.03878 0.0413022
2 0.55997 0.951351 0.05082 0.0972973
2 0.46314 0.927482 0.03228 0.0492629
2 0.02152 0.174079 0.04304 0.0521376
2 0.19799 0.901057 0.0785 0.104767
2 0.0235 0.0975799 0.047 0.0659705
2 0.33059 0.994447 0.05214 0.0111057
2 0.23278 0.869177 0.04116 0.0530958
2 0.13974 0.97027 0.07548 0.0562654
2 0.26805 0.943464 0.08366 0.113071
2 0.15025 0.156818 0.05566 0.054226
2 0.06793 0.121978 0.0303 0.0484767
2 0.49924 0.812482 0.07772 0.111499
1 0.13291 0.479079 0.20882 0.17688
1 0.13157 0.380786 0.18322 0.198919
