5 0.563211 0.271294 0.0588594 0.0812235
5 0.641227 0.336976 0.0593281 0.0896235
5 0.639359 0.239094 0.0727187 0.0948941
5 0.582398 0.335529 0.0587656 0.0963765
5 0.580805 0.189553 0.0625781 0.0684235
5 0.69707 0.331835 0.0552656 0.064
5 0.535148 0.214212 0.0454219 0.0741176
5 0.622648 0.296588 0.0603281 0.0654588
5 0.587336 0.252059 0.0480156 0.0774353
5 0.670844 0.299388 0.04375 0.0525647
0 0.780703 0.552024 0.110187 0.223529
0 0.705594 0.598506 0.104937 0.217482
0 0.66418 0.603624 0.0940156 0.211435
0 0.747703 0.574282 0.110062 0.221647
