1 0.5272129629629629 0.6421770833333333 0.16111111111111112 0.31061979166666664
1 0.46387962962962964 0.6506145833333333 0.22333333333333333 0.31249479166666666
1 0.43221296296296297 0.6468645833333333 0.17555555555555555 0.28624479166666666
1 0.39054629629629634 0.6381145833333334 0.21666666666666667 0.3274947916666667
1 0.3555462962962963 0.6481145833333334 0.1622222222222222 0.29499479166666664
1 0.7011018518518519 0.6468645833333333 0.16 0.0525
1 0.5611018518518519 0.43374479166666663 0.1511111111111111 0.05375
1 0.13666666666666666 0.6537395833333334 0.23555555555555557 0.17749479166666668
1 0.13444444444444442 0.5634270833333334 0.08666666666666666 0.080625
1 0.6911018518518518 0.5274895833333333 0.14444444444444443 0.22499479166666667
1 0.7305462962962963 0.34499479166666663 0.15666666666666665 0.05625
1 0.5288796296296296 0.2718697916666667 0.19555555555555554 0.0575
