4 0.652100 0.840208 0.105067 0.135179
4 0.420767 0.924226 0.091933 0.151548
4 0.169750 0.856756 0.088833 0.234464
4 0.689167 0.164345 0.061800 0.126905
4 0.622750 0.143661 0.052500 0.104821
4 0.628933 0.242976 0.052533 0.096548
4 0.426183 0.269167 0.116633 0.212381
4 0.426183 0.117440 0.152167 0.110357
4 0.077450 0.727083 0.084967 0.226190
4 0.434283 0.701577 0.066433 0.084107
4 0.550517 0.818125 0.061033 0.115893
4 0.507650 0.825030 0.060233 0.121369
4 0.280967 0.671220 0.051733 0.131012
4 0.255850 0.825030 0.041700 0.104821
4 0.348950 0.866399 0.036300 0.102083
4 0.846733 0.786399 0.081867 0.099345
4 0.750950 0.867083 0.041700 0.120000
4 0.545500 0.286429 0.046333 0.067619
4 0.554000 0.158839 0.034000 0.066250
4 0.298733 0.129167 0.040933 0.103452
4 0.252767 0.218155 0.064867 0.091071
4 0.175150 0.202292 0.074900 0.128274
4 0.773750 0.176071 0.081100 0.153095
