4 0.324967 0.394286 0.105050 0.191071
4 0.664047 0.507054 0.108161 0.204821
4 0.719666 0.613542 0.165284 0.219940
4 0.505702 0.888482 0.185385 0.164940
4 0.737425 0.893304 0.115853 0.204821
4 0.808495 0.859643 0.111237 0.170476
4 0.374783 0.476786 0.138261 0.226786
4 0.491421 0.230030 0.088796 0.195179
4 0.569816 0.267173 0.089599 0.186964
4 0.586823 0.130357 0.100401 0.160833
4 0.293311 0.117292 0.100401 0.156726
4 0.331154 0.237589 0.103512 0.202083
4 0.378278 0.469226 0.086522 0.178690
4 0.340418 0.574405 0.080301 0.301071
4 0.121070 0.533125 0.084950 0.207560
4 0.143077 0.878869 0.098060 0.173214
4 0.058110 0.868571 0.108930 0.180119
4 0.058595 0.412857 0.117191 0.145714
4 0.742441 0.191548 0.104281 0.184167
4 0.644732 0.186726 0.077224 0.185595
4 0.770268 0.324196 0.122809 0.196607
4 0.948679 0.451339 0.101171 0.162202
4 0.822391 0.106310 0.091137 0.142976
4 0.084381 0.055446 0.105819 0.109940
4 0.037258 0.118690 0.070301 0.165000
4 0.224181 0.541399 0.102742 0.149821
4 0.116037 0.328333 0.098094 0.180119
4 0.582960 0.690536 0.106589 0.228214
4 0.940953 0.911190 0.093478 0.152619
