3 0.472235 0.793822 0.053561 0.091937
3 0.548371 0.397932 0.056364 0.140471
3 0.809848 0.579293 0.061894 0.104764
3 0.816307 0.684005 0.050795 0.056178
3 0.673561 0.446466 0.171818 0.112408
3 0.411629 0.629084 0.076667 0.107277
3 0.347973 0.799607 0.082235 0.088115
3 0.395095 0.864084 0.045265 0.066387
3 0.317481 0.924110 0.045265 0.076597
3 0.657481 0.956675 0.054508 0.075340
3 0.698125 0.754267 0.054508 0.068953
3 0.638542 0.669974 0.072083 0.086859
3 0.615436 0.551204 0.053598 0.091937
3 0.682424 0.572251 0.056364 0.065131
3 0.740644 0.602906 0.043409 0.095759
3 0.749867 0.664869 0.072992 0.045969
3 0.712008 0.865995 0.052652 0.080471
3 0.531837 0.702539 0.063750 0.082984
3 0.552633 0.519267 0.059129 0.079162
3 0.445436 0.500105 0.057311 0.066387
3 0.410341 0.719136 0.057273 0.113665
3 0.541061 0.960131 0.065606 0.079738
3 0.442197 0.961126 0.050833 0.061309
3 0.534129 0.775969 0.042500 0.063874
