3 0.174672 0.376366 0.094672 0.190258
3 0.230637 0.198866 0.116718 0.187732
3 0.309556 0.282474 0.077490 0.191546
3 0.288514 0.483634 0.129151 0.241392
3 0.398514 0.356572 0.127220 0.245206
3 0.413340 0.142010 0.126293 0.275876
3 0.403764 0.580052 0.151158 0.275876
3 0.520946 0.451701 0.108069 0.228557
3 0.517124 0.311856 0.104286 0.206907
3 0.595097 0.173943 0.133900 0.235000
3 0.638127 0.365490 0.160734 0.196649
3 0.680714 0.514175 0.154015 0.220928
3 0.803610 0.440722 0.114788 0.268144
3 0.880618 0.316211 0.090888 0.190258
3 0.131139 0.564098 0.130077 0.213247
3 0.762973 0.235103 0.121467 0.191546
